10009
10046
126088
106175
66365
117630
144338
46303
12764
51115
10677
11064
14446
15159
79321
10027
11669
32327
67715
19345
531094
58851
23412
16674
18462
20760
17863
74614
24402
523926
523044
118641
68642
18472
545813
138511
80514
20700
10275
137469
153538
144857
11113
76777
15820
16616
31598
63177
957716
43781
196917
35233
29991
13679
10898
67385
56703
81416
81816
23701
29337
71909
95311
24818
106580
63401
56067
93709
80246
127658
41470
66965
58192
49739
87025
152592
99452
124944
143526
140807
59019
119874
99219
76413
122476
46558
93415
17906
27634
27427
19032
39137
89797
49992
74044
56902
50437
57987
49182
21565
24691
53918
77307
58347
22893
13051
50658
122824
56404
92826
20776
15173
126597
10420
36742
10068
10150
523675
525537
86724
76972
78937
68971
519363
11266
20360
13223
25628
53950
44944
28663
34260
87266
13443
13030
35297
23839
36095
137463
91157
188933
83255
31896
10858
12174
17510
521551
15307
70654
20456
48079
31886
125941
122635
104402
21719
531557
13945
50016
23579
52902
37153
20948
57339
27695
20027
113758
60306
26590
16865
75062
55054
76742
93821
101689
28035
81861
56451
15790
32722
28387
33456
26866
33944
65321
44245
51853
72012
71668
87611
118618
134345
119803
28628
32420
34645
126151
84807
81387
80596
101749
21768
17954
39754
38729
29102
42503
59894
89214
35631
78734
114211
32585
55208
128163
127029
54286
115751
102401
79599
43082
91526
87328
53157
81315
13847
65619
54279
58004
95560
91277
43249
64704
31085
55166
137142
81553
60101
64788
71437
78823
116070
105272
166369
15447
30864
69491
18464
46114
31441
90940
547712
131616
86414
105231
85817
95803
90380
100576
66541
77318
130239
40356
52012
66996
100271
55069
51147
127474
33444
113874
62233
24345
65075
51936
46338
51881
61395
70381
51167
98729
72618
53789
52422
58034
61886
56091
85926
62382
59032
74407
62845
56444
62632
66040
36091
41042
47524
101938
117890
59260
66170
43807
42258
103124
34752
40744
63183
42493
59545
48505
29028
56811
134052
79791
99133
98037
43292
25212
70668
21930
12468
77897
141687
106366
107843
134708
72772
39727
113945
93800
106512
111527
110758
26879
106730
78796
71057
91909
45858
119962
138037
45094
136989
49720
64229
67843
40488
41792
152168
69112
66780
44121
102353
75087
550696
102495
93393
96469
42931
56558
47173
52510
48214
58047
45589
59318
53202
49656
48707
37969
24579
64100
117866
76485
55080
41075
10705
54013
43355
49368
48860
51961
46695
52651
68011
73240
46885
119047
62350
64418
50979
42297
39158
58720
50488
61145
81713
34375
46311
120529
50763
50024
82773
51780
60617
63060
46831
71723
45461
61816
45474
79818
117139
108598
140109
103510
140211
109774
114887
62078
98625
144834
143028
112126
116381
170507
143885
107141
93556
101095
150312
131179
105438
90991
130227
126300
107995
110903
135444
123371
144026
139575
142413
123133
147510
124803
109281
132290
139175
154024
97163
123167
143141
147118
142893
163789
103586
143282
104913
112874
124748
126309
111790
105608
143846
106669
99251
158795
112732
119968
113744
115203
142506
101379
98586
116028
121014
116856
126942
117202
88726
107040
123881
144494
109491
151608
134197
144808
128117
109629
127363
94535
130661
122688
116062
131334
132203
111522
99359
153605
112699
103139
122805
133206
127387
154939
103193
103027
114132
150457
133851
114465
134043
115256
103168
137764
137849
117929
117143
127994
155621
123150
151508
140863
129007
110175
117523
124819
104074
141075
141393
123181
123221
124939
182634
143874
136952
118855
104987
90888
106793
119768
109556
125154
148984
104679
115670
112205
106267
125659
125832
153072
119829
126733
126345
126817
121795
130808
112689
129720
124712
134396
126504
133109
107529
156149
125678
127680
125922
114609
127688
124101
156331
139964
112681
128647
124361
115249
112947
134898
128674
128781
125720
81721
126121
130953
95313
128423
138218
126884
138278
96661
117002
112954
113002
140293
132653
140701
133639
121979
134950
122630
123437
120804
129770
103294
130532
127642
129870
136724
111487
135954
130047
141029
142970
132619
136827
111658
132917
132603
123482
142092
171834
139069
113392
123927
83583
124004
125600
144271
156563
136471
134143
144321
114088
125985
129686
163018
83677
130828
91997
147372
89899
88777
94978
138365
133011
132135
126274
150964
106550
133304
95479
99081
131879
151451
137359
152330
139812
141436
136888
142126
134894
135014
139595
136132
156886
114307
134325
109344
158711
136432
142529
118338
150423
143532
554192
133333
91601
146303
114588
99343
103273
116152
147608
99732
154354
160725
143867
89125
118521
102479
120031
103642
136863
144297
133906
159060
121416
106872
144240
86645
90539
109780
103868
109551
122867
109815
110442
92823
111900
94632
150955
112425
113745
125455
146136
113257
120427
84861
106191
126620
101226
124089
109127
117152
101253
92811
128364
134580
141836
104763
133461
96434
113852
98042
148696
116342
131356
115629
131310
88885
85716
99055
144978
128064
104227
134207
105430
82194
130644
134735
113568
150339
160096
148568
100265
95940
113934
122330
124241
114559
114144
191375
199209
125618
88406
131413
118893
153053
132679
135281
88410
90844
97012
101864
121264
162231
102031
116213
82979
83847
121521
124333
166161
121547
122016
123224
98546
84718
94190
100165
124335
100226
149389
139484
126224
90120
153494
102977
100319
101016
126435
103358
103513
127733
127149
141051
145673
123738
127851
149885
124119
128196
128768
128906
105228
151642
102195
191276
102605
105834
224743
88815
79449
129580
107170
94482
112015
129942
153826
106389
108900
131768
90566
132565
106409
133616
91814
128592
155367
131737
92114
108948
130042
93454
161764
93720
125102
87424
94296
136081
130541
88922
131380
124938
137639
94329
94573
109589
94975
109598
138868
139033
109843
139979
95604
95811
110252
90900
132184
94567
151600
157885
96565
96884
93455
110386
132532
110799
94886
154667
111588
94668
112241
131847
90018
96265
96534
167568
111931
122910
193779
547912
77484
125603
110182
130986
94684
89262
97393
91955
140549
136599
133312
99137
99213
136330
94983
100302
103985
92507
104247
104567
100897
93960
111979
105677
133602
102421
112283
105698
112298
161524
111323
114856
104519
95243
95435
104899
134058
162331
95528
114899
115487
116217
116229
136375
137408
95666
97415
97079
98246
98039
98235
148318
107567
134287
117096
108876
115214
99135
145423
142979
117156
103654
146032
121883
124127
105995
100425
134476
140763
165531
102273
131416
102418
100428
103313
146578
105170
102182
105862
151364
105905
102383
104081
105553
147627
154018
115714
163245
125234
99166
106608
94089
126063
96972
118145
108924
107833
126614
105757
109916
114450
143174
106164
119079
107874
128259
82576
86578
100482
124125
79796
87106
111581
87873
104700
111918
107964
100731
156321
100799
106069
87994
111919
101187
95629
120505
108832
119243
107211
90975
109244
109912
109569
80906
110183
119288
92593
110232
93877
142621
110245
131426
135680
120533
122447
108325
121524
123087
95556
110378
109225
83545
96044
109431
102765
122515
110661
105386
105531
110203
110314
112222
84776
109572
175660
110096
124519
112416
110002
110454
127995
110609
98461
111368
128456
87479
111455
114669
140269
128984
112034
131361
110401
111180
130663
137286
83713
111294
99897
115369
111401
112630
115511
138409
116434
116691
107835
114854
100396
108097
112724
116946
113048
112179
115954
116290
114936
112784
117267
116681
142071
117320
117586
117835
100406
145922
118026
116685
119170
96676
146390
146976
164516
100442
94934
115769
113307
117151
99138
99661
113915
525840
117282
117899
113572
114123
119664
118258
130043
98887
118994
101206
120606
120081
123010
124102
123922
118260
115673
91002
125468
127068
131366
115759
126419
102409
120566
123405
121053
134925
121592
102555
123759
119603
104447
127706
80142
107159
92047
137418
139969
127053
127999
128079
133251
134293
92266
115964
101721
117911
107044
110804
124338
151822
118018
128396
119611
118797
121124
93923
117889
87656
127273
120621
94468
117902
123300
138340
95710
88915
128323
95541
132315
111065
139658
97320
140273
149033
123368
121172
109035
134184
149457
129478
119050
98738
99561
111983
121420
101033
125993
128218
135631
103236
110244
137186
137735
89901
121519
92719
124382
150308
112710
130465
134215
103365
128272
135288
85429
125042
157993
110433
112801
145931
159556
125359
142785
157978
158373
83462
88140
90077
113098
113463
129212
91288
103812
87583
125569
88095
91597
113598
88266
88377
90171
100787
115583
135685
92229
155396
105841
91845
89251
134011
128005
136556
112052
137082
137608
139733
91392
116874
130636
130882
539983
83185
134327
134897
147187
107105
107922
87504
92740
93499
116978
135101
96638
96959
136549
148248
97731
137820
145628
107923
150467
118042
157366
95270
99423
99869
108683
117799
151923
166131
99982
118751
108970
99492
89092
122079
179316
101013
158494
98409
89298
94432
102872
124923
90707
118992
90952
96845
109831
100680
109097
100981
102295
103440
111867
103038
109617
101857
102714
103706
112027
112333
120011
109649
112344
103955
97359
104689
106992
107082
101707
104999
112744
118158
90938
105165
106201
107132
106027
107442
97559
546260
91804
121020
106093
109001
118513
113750
113781
142172
113813
106664
145600
108223
91914
118752
110348
122637
92911
119398
109424
114743
108904
99748
96151
123863
109134
91469
119996
93364
110762
124332
100620
114255
118110
110711
114595
115844
153298
106922
94147
120550
111279
124468
107117
118854
108346
110979
111755
110938
94224
111639
115402
113082
165973
113159
113420
105718
124867
102128
116716
115440
111304
116999
94564
125263
115855
119651
125498
113139
103527
102220
92254
95235
117962
113926
120147
118140
114306
126077
118835
121587
121943
119305
92412
103956
111550
125101
122263
95677
119409
129426
119911
125581
123799
104337
126522
123850
126027
114473
129941
115929
124580
126327
95838
126892
124760
173192
130305
103152
124801
126601
117221
117430
120858
116968
127897
125570
97610
118133
133918
121851
138877
122346
123365
104390
119247
129588
117348
141396
98245
132430
117600
123828
98431
134908
120289
124835
139075
104459
98788
125918
137504
127634
144157
105042
132477
126617
105351
130164
141112
132620
106031
127325
120361
121914
145128
111298
133626
133629
134175
136564
112073
122653
122675
111464
145453
98965
128127
100190
139992
139791
149252
124670
152413
108363
128360
142502
145258
121967
152607
